{
 "cells": [
  {
   "cell_type": "code",
   "execution_count": 1,
   "metadata": {
    "collapsed": false
   },
   "outputs": [],
   "source": [
    "import numpy as np\n",
    "import pylab as pl\n",
    "from sklearn import svm, datasets\n",
    "from sklearn.utils import shuffle\n",
    "from sklearn.metrics import roc_curve, auc\n",
    "\n",
    "random_state = np.random.RandomState(0)\n",
    "\n",
    "# Import some data to play with\n",
    "iris = datasets.load_iris()\n",
    "X = iris.data\n",
    "y = iris.target\n",
    "\n",
    "# Make it a binary classification problem by removing the third class\n",
    "X, y = X[y != 2], y[y != 2]\n",
    "n_samples, n_features = X.shape\n",
    "\n",
    "# Add noisy features to make the problem harder\n",
    "X = np.c_[X, random_state.randn(n_samples, 200 * n_features)]\n",
    "\n",
    "# shuffle and split training and test sets\n",
    "X, y = shuffle(X, y, random_state=random_state)\n",
    "half = int(n_samples / 2)\n",
    "X_train, X_test = X[:half], X[half:]\n",
    "y_train, y_test = y[:half], y[half:]\n"
   ]
  },
  {
   "cell_type": "code",
   "execution_count": 2,
   "metadata": {
    "collapsed": false
   },
   "outputs": [
    {
     "data": {
      "text/plain": [
       "50"
      ]
     },
     "execution_count": 2,
     "metadata": {},
     "output_type": "execute_result"
    }
   ],
   "source": [
    "half"
   ]
  },
  {
   "cell_type": "code",
   "execution_count": 4,
   "metadata": {
    "collapsed": false
   },
   "outputs": [],
   "source": [
    "# Run classifier\n",
    "classifier = svm.SVC(kernel='linear', probability=True)\n",
    "probas_ = classifier.fit(X_train, y_train).predict_proba(X_test)"
   ]
  },
  {
   "cell_type": "code",
   "execution_count": null,
   "metadata": {
    "collapsed": true
   },
   "outputs": [],
   "source": [
    "# Compute ROC curve and area the curve\n",
    "fpr, tpr, thresholds = roc_curve(y_test, probas_[:, 1])\n",
    "roc_auc = auc(fpr, tpr)\n",
    "print \"Area under the ROC curve : %f\" % roc_auc"
   ]
  },
  {
   "cell_type": "code",
   "execution_count": null,
   "metadata": {
    "collapsed": false
   },
   "outputs": [],
   "source": [
    "# Plot ROC curve\n",
    "pl.clf()\n",
    "pl.plot(fpr, tpr, label='ROC curve (area = %0.2f)' % roc_auc)\n",
    "pl.plot([0, 1], [0, 1], 'k--')\n",
    "pl.xlim([0.0, 1.0])\n",
    "pl.ylim([0.0, 1.0])\n",
    "pl.xlabel('False Positive Rate')\n",
    "pl.ylabel('True Positive Rate')\n",
    "pl.title('Receiver operating characteristic example')\n",
    "pl.legend(loc=\"lower right\")\n",
    "pl.show()"
   ]
  },
  {
   "cell_type": "code",
   "execution_count": 1,
   "metadata": {
    "collapsed": false
   },
   "outputs": [],
   "source": [
    "import pandas as pd"
   ]
  },
  {
   "cell_type": "code",
   "execution_count": 2,
   "metadata": {
    "collapsed": true
   },
   "outputs": [],
   "source": [
    "import numpy as np"
   ]
  },
  {
   "cell_type": "code",
   "execution_count": 3,
   "metadata": {
    "collapsed": true
   },
   "outputs": [],
   "source": [
    "frame = pd.DataFrame(np.random.randn(1000, 5), columns=['a', 'b', 'c', 'd', 'e'])"
   ]
  },
  {
   "cell_type": "code",
   "execution_count": 4,
   "metadata": {
    "collapsed": false
   },
   "outputs": [
    {
     "data": {
      "text/html": [
       "<div style=\"max-height:1000px;max-width:1500px;overflow:auto;\">\n",
       "<table border=\"1\" class=\"dataframe\">\n",
       "  <thead>\n",
       "    <tr style=\"text-align: right;\">\n",
       "      <th></th>\n",
       "      <th>a</th>\n",
       "      <th>b</th>\n",
       "      <th>c</th>\n",
       "      <th>d</th>\n",
       "      <th>e</th>\n",
       "    </tr>\n",
       "  </thead>\n",
       "  <tbody>\n",
       "    <tr>\n",
       "      <th>a</th>\n",
       "      <td> 1.000000</td>\n",
       "      <td> 0.002065</td>\n",
       "      <td> 0.009580</td>\n",
       "      <td> 0.013859</td>\n",
       "      <td> 0.048539</td>\n",
       "    </tr>\n",
       "    <tr>\n",
       "      <th>b</th>\n",
       "      <td> 0.002065</td>\n",
       "      <td> 1.000000</td>\n",
       "      <td> 0.050399</td>\n",
       "      <td>-0.035548</td>\n",
       "      <td>-0.038536</td>\n",
       "    </tr>\n",
       "    <tr>\n",
       "      <th>c</th>\n",
       "      <td> 0.009580</td>\n",
       "      <td> 0.050399</td>\n",
       "      <td> 1.000000</td>\n",
       "      <td>-0.015307</td>\n",
       "      <td> 0.019464</td>\n",
       "    </tr>\n",
       "    <tr>\n",
       "      <th>d</th>\n",
       "      <td> 0.013859</td>\n",
       "      <td>-0.035548</td>\n",
       "      <td>-0.015307</td>\n",
       "      <td> 1.000000</td>\n",
       "      <td> 0.031843</td>\n",
       "    </tr>\n",
       "    <tr>\n",
       "      <th>e</th>\n",
       "      <td> 0.048539</td>\n",
       "      <td>-0.038536</td>\n",
       "      <td> 0.019464</td>\n",
       "      <td> 0.031843</td>\n",
       "      <td> 1.000000</td>\n",
       "    </tr>\n",
       "  </tbody>\n",
       "</table>\n",
       "</div>"
      ],
      "text/plain": [
       "          a         b         c         d         e\n",
       "a  1.000000  0.002065  0.009580  0.013859  0.048539\n",
       "b  0.002065  1.000000  0.050399 -0.035548 -0.038536\n",
       "c  0.009580  0.050399  1.000000 -0.015307  0.019464\n",
       "d  0.013859 -0.035548 -0.015307  1.000000  0.031843\n",
       "e  0.048539 -0.038536  0.019464  0.031843  1.000000"
      ]
     },
     "execution_count": 4,
     "metadata": {},
     "output_type": "execute_result"
    }
   ],
   "source": [
    "frame.corr(method=\"pearson\")"
   ]
  },
  {
   "cell_type": "code",
   "execution_count": 5,
   "metadata": {
    "collapsed": false
   },
   "outputs": [
    {
     "data": {
      "text/html": [
       "<div style=\"max-height:1000px;max-width:1500px;overflow:auto;\">\n",
       "<table border=\"1\" class=\"dataframe\">\n",
       "  <thead>\n",
       "    <tr style=\"text-align: right;\">\n",
       "      <th></th>\n",
       "      <th>a</th>\n",
       "      <th>b</th>\n",
       "      <th>c</th>\n",
       "      <th>d</th>\n",
       "      <th>e</th>\n",
       "    </tr>\n",
       "  </thead>\n",
       "  <tbody>\n",
       "    <tr>\n",
       "      <th>a</th>\n",
       "      <td> 1.000000</td>\n",
       "      <td> 0.000145</td>\n",
       "      <td> 0.013891</td>\n",
       "      <td> 0.025213</td>\n",
       "      <td> 0.050536</td>\n",
       "    </tr>\n",
       "    <tr>\n",
       "      <th>b</th>\n",
       "      <td> 0.000145</td>\n",
       "      <td> 1.000000</td>\n",
       "      <td> 0.052310</td>\n",
       "      <td>-0.053390</td>\n",
       "      <td>-0.027948</td>\n",
       "    </tr>\n",
       "    <tr>\n",
       "      <th>c</th>\n",
       "      <td> 0.013891</td>\n",
       "      <td> 0.052310</td>\n",
       "      <td> 1.000000</td>\n",
       "      <td> 0.003087</td>\n",
       "      <td> 0.026272</td>\n",
       "    </tr>\n",
       "    <tr>\n",
       "      <th>d</th>\n",
       "      <td> 0.025213</td>\n",
       "      <td>-0.053390</td>\n",
       "      <td> 0.003087</td>\n",
       "      <td> 1.000000</td>\n",
       "      <td> 0.026370</td>\n",
       "    </tr>\n",
       "    <tr>\n",
       "      <th>e</th>\n",
       "      <td> 0.050536</td>\n",
       "      <td>-0.027948</td>\n",
       "      <td> 0.026272</td>\n",
       "      <td> 0.026370</td>\n",
       "      <td> 1.000000</td>\n",
       "    </tr>\n",
       "  </tbody>\n",
       "</table>\n",
       "</div>"
      ],
      "text/plain": [
       "          a         b         c         d         e\n",
       "a  1.000000  0.000145  0.013891  0.025213  0.050536\n",
       "b  0.000145  1.000000  0.052310 -0.053390 -0.027948\n",
       "c  0.013891  0.052310  1.000000  0.003087  0.026272\n",
       "d  0.025213 -0.053390  0.003087  1.000000  0.026370\n",
       "e  0.050536 -0.027948  0.026272  0.026370  1.000000"
      ]
     },
     "execution_count": 5,
     "metadata": {},
     "output_type": "execute_result"
    }
   ],
   "source": [
    "frame.corr(method=\"spearman\")"
   ]
  },
  {
   "cell_type": "code",
   "execution_count": 6,
   "metadata": {
    "collapsed": false
   },
   "outputs": [
    {
     "data": {
      "text/html": [
       "<div style=\"max-height:1000px;max-width:1500px;overflow:auto;\">\n",
       "<table border=\"1\" class=\"dataframe\">\n",
       "  <thead>\n",
       "    <tr style=\"text-align: right;\">\n",
       "      <th></th>\n",
       "      <th>a</th>\n",
       "      <th>b</th>\n",
       "      <th>c</th>\n",
       "      <th>d</th>\n",
       "      <th>e</th>\n",
       "    </tr>\n",
       "  </thead>\n",
       "  <tbody>\n",
       "    <tr>\n",
       "      <th>a</th>\n",
       "      <td> 1.000000</td>\n",
       "      <td> 0.000064</td>\n",
       "      <td> 0.009389</td>\n",
       "      <td> 0.017554</td>\n",
       "      <td> 0.033838</td>\n",
       "    </tr>\n",
       "    <tr>\n",
       "      <th>b</th>\n",
       "      <td> 0.000064</td>\n",
       "      <td> 1.000000</td>\n",
       "      <td> 0.034663</td>\n",
       "      <td>-0.036332</td>\n",
       "      <td>-0.018302</td>\n",
       "    </tr>\n",
       "    <tr>\n",
       "      <th>c</th>\n",
       "      <td> 0.009389</td>\n",
       "      <td> 0.034663</td>\n",
       "      <td> 1.000000</td>\n",
       "      <td> 0.003183</td>\n",
       "      <td> 0.018026</td>\n",
       "    </tr>\n",
       "    <tr>\n",
       "      <th>d</th>\n",
       "      <td> 0.017554</td>\n",
       "      <td>-0.036332</td>\n",
       "      <td> 0.003183</td>\n",
       "      <td> 1.000000</td>\n",
       "      <td> 0.017814</td>\n",
       "    </tr>\n",
       "    <tr>\n",
       "      <th>e</th>\n",
       "      <td> 0.033838</td>\n",
       "      <td>-0.018302</td>\n",
       "      <td> 0.018026</td>\n",
       "      <td> 0.017814</td>\n",
       "      <td> 1.000000</td>\n",
       "    </tr>\n",
       "  </tbody>\n",
       "</table>\n",
       "</div>"
      ],
      "text/plain": [
       "          a         b         c         d         e\n",
       "a  1.000000  0.000064  0.009389  0.017554  0.033838\n",
       "b  0.000064  1.000000  0.034663 -0.036332 -0.018302\n",
       "c  0.009389  0.034663  1.000000  0.003183  0.018026\n",
       "d  0.017554 -0.036332  0.003183  1.000000  0.017814\n",
       "e  0.033838 -0.018302  0.018026  0.017814  1.000000"
      ]
     },
     "execution_count": 6,
     "metadata": {},
     "output_type": "execute_result"
    }
   ],
   "source": [
    "frame.corr(method=\"kendall\")"
   ]
  },
  {
   "cell_type": "code",
   "execution_count": null,
   "metadata": {
    "collapsed": true
   },
   "outputs": [],
   "source": []
  }
 ],
 "metadata": {
  "kernelspec": {
   "display_name": "Python 2",
   "language": "python",
   "name": "python2"
  },
  "language_info": {
   "codemirror_mode": {
    "name": "ipython",
    "version": 2
   },
   "file_extension": ".py",
   "mimetype": "text/x-python",
   "name": "python",
   "nbconvert_exporter": "python",
   "pygments_lexer": "ipython2",
   "version": "2.7.9"
  }
 },
 "nbformat": 4,
 "nbformat_minor": 0
}
